Date,Power Consumption
2022-07-01 00:00:00,0.137480971
2022-07-01 01:00:00,0.18209843216666666
2022-07-01 02:00:00,0.22420339483333335
2022-07-01 03:00:00,0.24029337066666667
2022-07-01 04:00:00,0.2725861519999999
2022-07-01 05:00:00,0.6573150646666638
2022-07-01 06:00:00,0.76773765483333
2022-07-01 07:00:00,0.7685859404999963
2022-07-01 08:00:00,0.39126840883333286
2022-07-01 09:00:00,0.37343005349999997
2022-07-01 10:00:00,0.4143583364999996
2022-07-01 11:00:00,2.170567865166658
2022-07-01 12:00:00,2.576236575333322
2022-07-01 13:00:00,2.520493774333322
2022-07-01 14:00:00,0.5226383036666662
2022-07-01 15:00:00,0.3857854944999998
2022-07-01 16:00:00,0.61672834183333
2022-07-01 17:00:00,0.6886659303333297
2022-07-01 18:00:00,0.4389902801666659
2022-07-01 19:00:00,1.9441211264999925
2022-07-01 20:00:00,2.367020593333324
2022-07-01 21:00:00,2.016281576666658
2022-07-01 22:00:00,0.27475886083333295
2022-07-01 23:00:00,0.12054841516666669
2022-07-02 00:00:00,0.13868927333333333
2022-07-02 01:00:00,0.19723840783333335
2022-07-02 02:00:00,0.23234671033333334
2022-07-02 03:00:00,0.23513506450000002
2022-07-02 04:00:00,0.26502251800000015
2022-07-02 05:00:00,0.7091870279999977
2022-07-02 06:00:00,0.6311505519999969
2022-07-02 07:00:00,0.7445820386666627
2022-07-02 08:00:00,0.4043881006666664
2022-07-02 09:00:00,0.39447587966666664
2022-07-02 10:00:00,0.431994051333333
2022-07-02 11:00:00,2.7620090196666522
2022-07-02 12:00:00,2.67505091633332
2022-07-02 13:00:00,2.4219152139999887
2022-07-02 14:00:00,0.5267560849999998
2022-07-02 15:00:00,0.4168396409999997
2022-07-02 16:00:00,0.710292746166663
2022-07-02 17:00:00,0.7081595214999964
2022-07-02 18:00:00,0.4486561764999991
2022-07-02 19:00:00,1.931503486666658
2022-07-02 20:00:00,2.2483201419999883
2022-07-02 21:00:00,1.8550446558333262
2022-07-02 22:00:00,0.3480368491666665
2022-07-02 23:00:00,0.1576326076666667
2022-07-03 00:00:00,0.11467594250000002
2022-07-03 01:00:00,0.15943424383333335
2022-07-03 02:00:00,0.20808255116666668
2022-07-03 03:00:00,0.23373588816666668
2022-07-03 04:00:00,0.2736165934999997
2022-07-03 05:00:00,0.6733793431666643
2022-07-03 06:00:00,0.6898424523333293
2022-07-03 07:00:00,0.6875491089999968
2022-07-03 08:00:00,0.3932296548333328
2022-07-03 09:00:00,0.3646183611666667
2022-07-03 10:00:00,0.39852856583333285
2022-07-03 11:00:00,2.1854503666666583
2022-07-03 12:00:00,2.9451116751666513
2022-07-03 13:00:00,2.4953269129999898
2022-07-03 14:00:00,0.5319970094999997
2022-07-03 15:00:00,0.3809980468333332
2022-07-03 16:00:00,0.6208018118333306
2022-07-03 17:00:00,0.6765128754999972
2022-07-03 18:00:00,0.4314568046666663
2022-07-03 19:00:00,2.0514860251666582
2022-07-03 20:00:00,2.2714939148333224
2022-07-03 21:00:00,2.0321107743333258
2022-07-03 22:00:00,0.3671381419999998
2022-07-03 23:00:00,0.12830923100000002
2022-07-04 00:00:00,0.11032348600000001
2022-07-04 01:00:00,0.1699084255
2022-07-04 02:00:00,0.2140134266666667
2022-07-04 03:00:00,0.23644922783333333
2022-07-04 04:00:00,0.28070423599999983
2022-07-04 05:00:00,0.7530057454999957
2022-07-04 06:00:00,0.861336347166663
2022-07-04 07:00:00,0.8857188063333299
2022-07-04 08:00:00,0.3994971128333331
2022-07-04 09:00:00,0.3943592033333333
2022-07-04 10:00:00,0.45370194649999956
2022-07-04 11:00:00,2.132822756333325
2022-07-04 12:00:00,2.876899258833321
2022-07-04 13:00:00,2.290410748166658
2022-07-04 14:00:00,0.5018714661666664
2022-07-04 15:00:00,0.40697709916666647
2022-07-04 16:00:00,0.703146529166663
2022-07-04 17:00:00,0.7634207741666631
2022-07-04 18:00:00,0.439288047166666
2022-07-04 19:00:00,1.9199369293333242
2022-07-04 20:00:00,1.9711753536666556
2022-07-04 21:00:00,1.6438343889999936
2022-07-04 22:00:00,0.28919840983333317
2022-07-04 23:00:00,0.11988261033333335
2022-07-05 00:00:00,0.11497180400000002
2022-07-05 01:00:00,0.185710072
2022-07-05 02:00:00,0.249730901
2022-07-05 03:00:00,0.2508550585
2022-07-05 04:00:00,0.2909892685000001
2022-07-05 05:00:00,0.6998523529999968
2022-07-05 06:00:00,0.8165070151666631
2022-07-05 07:00:00,0.9514244661666635
2022-07-05 08:00:00,0.46816921549999957
2022-07-05 09:00:00,0.40734502549999996
2022-07-05 10:00:00,0.4524406488333326
2022-07-05 11:00:00,2.541997078666655
2022-07-05 12:00:00,3.0251175973333195
2022-07-05 13:00:00,2.4479119658333226
2022-07-05 14:00:00,0.5362214271666665
2022-07-05 15:00:00,0.435035546833333
2022-07-05 16:00:00,0.7851891889999967
2022-07-05 17:00:00,0.7075120891666636
2022-07-05 18:00:00,0.4468594819999993
2022-07-05 19:00:00,2.2897377439999897
2022-07-05 20:00:00,2.198274881833324
2022-07-05 21:00:00,1.9767237511666582
2022-07-05 22:00:00,0.3005311346666663
2022-07-05 23:00:00,0.13326092916666668
2022-07-06 00:00:00,0.1157959465
2022-07-06 01:00:00,0.17148008250000005
2022-07-06 02:00:00,0.22157174300000002
2022-07-06 03:00:00,0.22649507500000002
2022-07-06 04:00:00,0.2564687131666667
2022-07-06 05:00:00,0.6858769688333303
2022-07-06 06:00:00,0.8172349476666628
2022-07-06 07:00:00,0.9252408241666631
2022-07-06 08:00:00,0.378209304333333
2022-07-06 09:00:00,0.3896517013333333
2022-07-06 10:00:00,0.43665932916666644
2022-07-06 11:00:00,2.3585068349999903
2022-07-06 12:00:00,2.6224356289999897
2022-07-06 13:00:00,2.202074295833323
2022-07-06 14:00:00,0.5366928073333331
2022-07-06 15:00:00,0.39703433849999986
2022-07-06 16:00:00,0.791987051333331
2022-07-06 17:00:00,0.7073336756666638
2022-07-06 18:00:00,0.4304905733333326
2022-07-06 19:00:00,1.7622965131666604
2022-07-06 20:00:00,2.0155736689999926
2022-07-06 21:00:00,1.6219244538333284
2022-07-06 22:00:00,0.3201240628333332
2022-07-06 23:00:00,0.1321192621666667
2022-07-07 00:00:00,0.11572013050000002
2022-07-07 01:00:00,0.17414674866666666
2022-07-07 02:00:00,0.21795506716666668
2022-07-07 03:00:00,0.21714422583333334
2022-07-07 04:00:00,0.2627591209999998
2022-07-07 05:00:00,0.7941160428333303
2022-07-07 06:00:00,0.7513914194999973
2022-07-07 07:00:00,0.7234619054999964
2022-07-07 08:00:00,0.4077834601666663
2022-07-07 09:00:00,0.3839067053333334
2022-07-07 10:00:00,0.426007499333333
2022-07-07 11:00:00,2.6998576854999854
2022-07-07 12:00:00,2.7785022373333215
2022-07-07 13:00:00,2.2151655741666563
2022-07-07 14:00:00,0.5096288873333329
2022-07-07 15:00:00,0.41377900849999966
2022-07-07 16:00:00,0.7660476271666623
2022-07-07 17:00:00,0.6664725038333292
2022-07-07 18:00:00,0.45030010266666576
2022-07-07 19:00:00,2.2994225058333226
2022-07-07 20:00:00,2.427860086999988
2022-07-07 21:00:00,1.7280669958333266
2022-07-07 22:00:00,0.25344357516666643
2022-07-07 23:00:00,0.09748673066666669
2022-07-08 00:00:00,0.1355410376666667
2022-07-08 01:00:00,0.17350757500000002
2022-07-08 02:00:00,0.22169094333333336
2022-07-08 03:00:00,0.24598423233333336
2022-07-08 04:00:00,0.2810756996666668
2022-07-08 05:00:00,0.6913416514999959
2022-07-08 06:00:00,0.7448783708333301
2022-07-08 07:00:00,0.7626792781666634
2022-07-08 08:00:00,0.42530247383333286
2022-07-08 09:00:00,0.3971917158333333
2022-07-08 10:00:00,0.4787082911666663
2022-07-08 11:00:00,2.4331436166666567
2022-07-08 12:00:00,2.815477999666654
2022-07-08 13:00:00,2.553557994666656
2022-07-08 14:00:00,0.5263859326666663
2022-07-08 15:00:00,0.4141920059999999
2022-07-08 16:00:00,0.6452871658333301
2022-07-08 17:00:00,0.7550798034999967
2022-07-08 18:00:00,0.43421994349999943
2022-07-08 19:00:00,1.8138746118333267
2022-07-08 20:00:00,2.2606600578333227
2022-07-08 21:00:00,1.797013880499992
2022-07-08 22:00:00,0.34566919283333325
2022-07-08 23:00:00,0.1315384911666667
2022-07-09 00:00:00,0.14618178433333334
2022-07-09 01:00:00,0.19014090050000002
2022-07-09 02:00:00,0.2292250611666667
2022-07-09 03:00:00,0.2411400565
2022-07-09 04:00:00,0.2775599243333333
2022-07-09 05:00:00,0.8134825726666624
2022-07-09 06:00:00,0.819573487166663
2022-07-09 07:00:00,0.7991744794999958
2022-07-09 08:00:00,0.3765633796666665
2022-07-09 09:00:00,0.3785867093333333
2022-07-09 10:00:00,0.49874147783333267
2022-07-09 11:00:00,2.2348016984999894
2022-07-09 12:00:00,2.9052575106666527
2022-07-09 13:00:00,2.157099969666657
2022-07-09 14:00:00,0.47690609933333306
2022-07-09 15:00:00,0.3953125129999998
2022-07-09 16:00:00,0.6815864186666633
2022-07-09 17:00:00,0.7465172413333291
2022-07-09 18:00:00,0.4493431154999991
2022-07-09 19:00:00,1.9804762756666576
2022-07-09 20:00:00,2.498367336166654
2022-07-09 21:00:00,1.8159632253333255
2022-07-09 22:00:00,0.27603799783333294
2022-07-09 23:00:00,0.13262845050000002
2022-07-10 00:00:00,0.10651684266666668
2022-07-10 01:00:00,0.17012262350000001
2022-07-10 02:00:00,0.21951176700000002
2022-07-10 03:00:00,0.23522174933333334
2022-07-10 04:00:00,0.2986606303333328
2022-07-10 05:00:00,0.6622110929999967
2022-07-10 06:00:00,0.6502691428333305
2022-07-10 07:00:00,0.7944742584999972
2022-07-10 08:00:00,0.41464023399999966
2022-07-10 09:00:00,0.38688837916666663
2022-07-10 10:00:00,0.42574157066666635
2022-07-10 11:00:00,2.1462370933333235
2022-07-10 12:00:00,2.5643332918333206
2022-07-10 13:00:00,2.2472084026666574
2022-07-10 14:00:00,0.5093932545
2022-07-10 15:00:00,0.38483628649999996
2022-07-10 16:00:00,0.6306188029999965
2022-07-10 17:00:00,0.7915368718333309
2022-07-10 18:00:00,0.41421850766666607
2022-07-10 19:00:00,2.312771436166657
2022-07-10 20:00:00,2.0823870553333244
2022-07-10 21:00:00,1.9548315983333246
2022-07-10 22:00:00,0.3392870574999997
2022-07-10 23:00:00,0.12421593133333336
2022-07-11 00:00:00,0.160065976
2022-07-11 01:00:00,0.21052840700000006
2022-07-11 02:00:00,0.25652173283333335
2022-07-11 03:00:00,0.2536550865
2022-07-11 04:00:00,0.28034169999999997
2022-07-11 05:00:00,0.7945300446666638
2022-07-11 06:00:00,0.8973017934999958
2022-07-11 07:00:00,0.7250159004999961
2022-07-11 08:00:00,0.415138947333333
2022-07-11 09:00:00,0.3987275555
2022-07-11 10:00:00,0.4382471984999996
2022-07-11 11:00:00,2.4190851704999887
2022-07-11 12:00:00,2.7866016104999884
2022-07-11 13:00:00,2.114276724333326
2022-07-11 14:00:00,0.5998865059999999
2022-07-11 15:00:00,0.41798755049999975
2022-07-11 16:00:00,0.7638512891666644
2022-07-11 17:00:00,0.8412880669999977
2022-07-11 18:00:00,0.4604908331666659
2022-07-11 19:00:00,2.042881214333325
2022-07-11 20:00:00,2.122798301666657
2022-07-11 21:00:00,1.9250372309999941
2022-07-11 22:00:00,0.3423756379999997
2022-07-11 23:00:00,0.13094845766666668
2022-07-12 00:00:00,0.12123512700000001
2022-07-12 01:00:00,0.17075756666666667
2022-07-12 02:00:00,0.21467429533333332
2022-07-12 03:00:00,0.24247340016666666
2022-07-12 04:00:00,0.2790939151666666
2022-07-12 05:00:00,0.6831539201666639
2022-07-12 06:00:00,0.9039443956666633
2022-07-12 07:00:00,0.7177375529999966
2022-07-12 08:00:00,0.44358178049999963
2022-07-12 09:00:00,0.4100867183333332
2022-07-12 10:00:00,0.49362289866666625
2022-07-12 11:00:00,1.9379344219999912
2022-07-12 12:00:00,2.7757970918333204
2022-07-12 13:00:00,2.3503076088333237
2022-07-12 14:00:00,0.5069982476666663
2022-07-12 15:00:00,0.4282113224999996
2022-07-12 16:00:00,0.6526112566666635
2022-07-12 17:00:00,0.6554666511666634
2022-07-12 18:00:00,0.4392549809999993
2022-07-12 19:00:00,1.5652063748333265
2022-07-12 20:00:00,2.064377246333324
2022-07-12 21:00:00,1.741825414999993
2022-07-12 22:00:00,0.26993061166666626
2022-07-12 23:00:00,0.1251709221666667
2022-07-13 00:00:00,0.11901264016666668
2022-07-13 01:00:00,0.17219923383333335
2022-07-13 02:00:00,0.19955009883333336
2022-07-13 03:00:00,0.22311005000000003
2022-07-13 04:00:00,0.25495412900000003
2022-07-13 05:00:00,0.6455138829999976
2022-07-13 06:00:00,0.88638158083333
2022-07-13 07:00:00,0.7160020174999961
2022-07-13 08:00:00,0.3979823346666661
2022-07-13 09:00:00,0.3693300235
2022-07-13 10:00:00,0.4091724671666662
2022-07-13 11:00:00,2.1814372079999904
2022-07-13 12:00:00,2.8476383894999864
2022-07-13 13:00:00,1.9603319256666596
2022-07-13 14:00:00,0.48240211983333287
2022-07-13 15:00:00,0.3852304398333333
2022-07-13 16:00:00,0.6243597418333298
2022-07-13 17:00:00,0.6426260446666626
2022-07-13 18:00:00,0.4334329273333328
2022-07-13 19:00:00,1.869759694166658
2022-07-13 20:00:00,1.9044726618333254
2022-07-13 21:00:00,1.7963018274999936
2022-07-13 22:00:00,0.2954026814999997
2022-07-13 23:00:00,0.11469841033333336
2022-07-14 00:00:00,0.12683679100000003
2022-07-14 01:00:00,0.19011755716666667
2022-07-14 02:00:00,0.22671087933333334
2022-07-14 03:00:00,0.22886755750000004
2022-07-14 04:00:00,0.25839233866666667
2022-07-14 05:00:00,0.5815729038333303
2022-07-14 06:00:00,0.7057955649999972
2022-07-14 07:00:00,0.8188170224999968
2022-07-14 08:00:00,0.39887105999999967
2022-07-14 09:00:00,0.3888000315
2022-07-14 10:00:00,0.44335038433333285
2022-07-14 11:00:00,2.4737501874999883
2022-07-14 12:00:00,2.9179189274999877
2022-07-14 13:00:00,2.3260880463333233
2022-07-14 14:00:00,0.4974779184999997
2022-07-14 15:00:00,0.3994205479999999
2022-07-14 16:00:00,0.7409289088333305
2022-07-14 17:00:00,0.7817202854999972
2022-07-14 18:00:00,0.42714209216666604
2022-07-14 19:00:00,2.4324854416666555
2022-07-14 20:00:00,2.3874704436666563
2022-07-14 21:00:00,1.9770826986666579
2022-07-14 22:00:00,0.27628298983333305
2022-07-14 23:00:00,0.14496010850000002
2022-07-15 00:00:00,0.14719020200000005
2022-07-15 01:00:00,0.19286008116666667
2022-07-15 02:00:00,0.2204709476666667
2022-07-15 03:00:00,0.24999339816666669
2022-07-15 04:00:00,0.28526932666666666
2022-07-15 05:00:00,0.7076786863333299
2022-07-15 06:00:00,0.7187826581666632
2022-07-15 07:00:00,0.72990592883333
2022-07-15 08:00:00,0.4126643974999995
2022-07-15 09:00:00,0.38607670433333335
2022-07-15 10:00:00,0.4412623624999995
2022-07-15 11:00:00,2.525387305666657
2022-07-15 12:00:00,2.812223663333321
2022-07-15 13:00:00,2.284052834166657
2022-07-15 14:00:00,0.5233397111666661
2022-07-15 15:00:00,0.405016263833333
2022-07-15 16:00:00,0.6942457981666634
2022-07-15 17:00:00,0.8390407876666636
2022-07-15 18:00:00,0.43601462799999924
2022-07-15 19:00:00,1.784699641999993
2022-07-15 20:00:00,2.5410392906666543
2022-07-15 21:00:00,1.7896346439999946
2022-07-15 22:00:00,0.34868900449999973
2022-07-15 23:00:00,0.15747262133333337
2022-07-16 00:00:00,0.14040675100000002
2022-07-16 01:00:00,0.18219341716666668
2022-07-16 02:00:00,0.22841005033333334
2022-07-16 03:00:00,0.24080421233333335
2022-07-16 04:00:00,0.2792943403333333
2022-07-16 05:00:00,0.6850510188333302
2022-07-16 06:00:00,0.9439773199999953
2022-07-16 07:00:00,0.7204741589999959
2022-07-16 08:00:00,0.386402915333333
2022-07-16 09:00:00,0.38456255
2022-07-16 10:00:00,0.4104150651666665
2022-07-16 11:00:00,2.1382043318333244
2022-07-16 12:00:00,2.7952345281666537
2022-07-16 13:00:00,2.4211690671666575
2022-07-16 14:00:00,0.5081099411666665
2022-07-16 15:00:00,0.3988379294999998
2022-07-16 16:00:00,0.6906636294999959
2022-07-16 17:00:00,0.7403191634999969
2022-07-16 18:00:00,0.4271409131666664
2022-07-16 19:00:00,1.8119343778333266
2022-07-16 20:00:00,2.095426164333324
2022-07-16 21:00:00,1.7459873281666596
2022-07-16 22:00:00,0.3057656041666663
2022-07-16 23:00:00,0.12926178016666667
2022-07-17 00:00:00,0.14121595233333337
2022-07-17 01:00:00,0.1891034146666667
2022-07-17 02:00:00,0.23083593266666672
2022-07-17 03:00:00,0.25749592666666665
2022-07-17 04:00:00,0.29085727133333317
2022-07-17 05:00:00,0.6901207298333292
2022-07-17 06:00:00,0.7438118511666624
2022-07-17 07:00:00,0.8527697193333307
2022-07-17 08:00:00,0.39472419683333304
2022-07-17 09:00:00,0.38979921533333334
2022-07-17 10:00:00,0.4823455083333328
2022-07-17 11:00:00,2.9048358458333223
2022-07-17 12:00:00,3.213506004833319
2022-07-17 13:00:00,2.357966157833324
2022-07-17 14:00:00,0.5147692011666662
2022-07-17 15:00:00,0.4059313569999997
2022-07-17 16:00:00,0.6971904081666636
2022-07-17 17:00:00,0.6809055054999971
2022-07-17 18:00:00,0.45427015016666605
2022-07-17 19:00:00,1.9920392551666586
2022-07-17 20:00:00,2.198324534999991
2022-07-17 21:00:00,1.772227328833327
2022-07-17 22:00:00,0.3299449136666661
2022-07-17 23:00:00,0.14764426933333333
2022-07-18 00:00:00,0.14199846
2022-07-18 01:00:00,0.18312590033333337
2022-07-18 02:00:00,0.23961674033333336
2022-07-18 03:00:00,0.25055424383333336
2022-07-18 04:00:00,0.2798257868333332
2022-07-18 05:00:00,0.7960170951666637
2022-07-18 06:00:00,0.9457078861666636
2022-07-18 07:00:00,0.6977519924999968
2022-07-18 08:00:00,0.36596718666666656
2022-07-18 09:00:00,0.3810975465
2022-07-18 10:00:00,0.43061573283333293
2022-07-18 11:00:00,1.9811193968333247
2022-07-18 12:00:00,3.07501635683332
2022-07-18 13:00:00,2.3096278679999913
2022-07-18 14:00:00,0.5653236911666665
2022-07-18 15:00:00,0.40095710633333315
2022-07-18 16:00:00,0.7034017153333297
2022-07-18 17:00:00,0.6494710763333291
2022-07-18 18:00:00,0.4548906208333329
2022-07-18 19:00:00,2.010509930333325
2022-07-18 20:00:00,2.333221317666655
2022-07-18 21:00:00,2.1325911278333227
2022-07-18 22:00:00,0.29662439516666644
2022-07-18 23:00:00,0.13093677466666667
2022-07-19 00:00:00,0.14034598466666667
2022-07-19 01:00:00,0.17143095083333335
2022-07-19 02:00:00,0.21947425600000003
2022-07-19 03:00:00,0.242530076
2022-07-19 04:00:00,0.2680937341666668
2022-07-19 05:00:00,0.6421764193333315
2022-07-19 06:00:00,0.8598808221666627
2022-07-19 07:00:00,0.7026210241666633
2022-07-19 08:00:00,0.41007033399999937
2022-07-19 09:00:00,0.3803233976666667
2022-07-19 10:00:00,0.437442600166666
2022-07-19 11:00:00,2.209946127833324
2022-07-19 12:00:00,2.8853099409999876
2022-07-19 13:00:00,2.113275073499991
2022-07-19 14:00:00,0.5204725561666663
2022-07-19 15:00:00,0.40549384633333296
2022-07-19 16:00:00,0.7245714569999971
2022-07-19 17:00:00,0.6686767268333297
2022-07-19 18:00:00,0.46646136616666595
2022-07-19 19:00:00,1.8744593033333254
2022-07-19 20:00:00,2.3082063474999903
2022-07-19 21:00:00,1.82789786816666
2022-07-19 22:00:00,0.24047122749999986
2022-07-19 23:00:00,0.146429272
2022-07-20 00:00:00,0.13331514633333336
2022-07-20 01:00:00,0.169684269
2022-07-20 02:00:00,0.2086934566666667
2022-07-20 03:00:00,0.235667556
2022-07-20 04:00:00,0.2679981985
2022-07-20 05:00:00,0.5923229701666644
2022-07-20 06:00:00,0.7877732876666624
2022-07-20 07:00:00,0.8758852691666638
2022-07-20 08:00:00,0.4020953844999996
2022-07-20 09:00:00,0.37235419833333333
2022-07-20 10:00:00,0.42932975216666625
2022-07-20 11:00:00,2.3588704763333235
2022-07-20 12:00:00,2.566105485333325
2022-07-20 13:00:00,2.1507464439999913
2022-07-20 14:00:00,0.4642095688333331
2022-07-20 15:00:00,0.36881401733333324
2022-07-20 16:00:00,0.6671652566666642
2022-07-20 17:00:00,0.6026801086666637
2022-07-20 18:00:00,0.46180852016666635
2022-07-20 19:00:00,2.0985009173333258
2022-07-20 20:00:00,2.1534766869999906
2022-07-20 21:00:00,1.683606087166661
2022-07-20 22:00:00,0.29822292749999973
2022-07-20 23:00:00,0.11807596033333335
2022-07-21 00:00:00,0.13851765883333336
2022-07-21 01:00:00,0.1901801266666667
2022-07-21 02:00:00,0.23447009466666668
2022-07-21 03:00:00,0.24293672083333334
2022-07-21 04:00:00,0.30483850049999967
2022-07-21 05:00:00,0.6983642926666628
2022-07-21 06:00:00,0.903174312499997
2022-07-21 07:00:00,0.8372067811666634
2022-07-21 08:00:00,0.3820100589999999
2022-07-21 09:00:00,0.39519670833333326
2022-07-21 10:00:00,0.45554727033333275
2022-07-21 11:00:00,2.4240875621666556
2022-07-21 12:00:00,2.7354246521666568
2022-07-21 13:00:00,2.5058723356666537
2022-07-21 14:00:00,0.5510436258333329
2022-07-21 15:00:00,0.4098820996666665
2022-07-21 16:00:00,0.6368985958333303
2022-07-21 17:00:00,0.6733120934999968
2022-07-21 18:00:00,0.4943363879999993
2022-07-21 19:00:00,2.4539409343333216
2022-07-21 20:00:00,2.134884916833322
2022-07-21 21:00:00,2.0202074098333243
2022-07-21 22:00:00,0.3061965221666663
2022-07-21 23:00:00,0.13696342483333335
2022-07-22 00:00:00,0.1317768346666667
2022-07-22 01:00:00,0.1686667451666667
2022-07-22 02:00:00,0.20579423916666667
2022-07-22 03:00:00,0.2156325815
2022-07-22 04:00:00,0.24277917366666676
2022-07-22 05:00:00,0.6256807096666632
2022-07-22 06:00:00,0.8945143439999973
2022-07-22 07:00:00,0.9199173008333299
2022-07-22 08:00:00,0.36673650649999995
2022-07-22 09:00:00,0.3706092383333333
2022-07-22 10:00:00,0.45246423616666603
2022-07-22 11:00:00,2.574512731333321
2022-07-22 12:00:00,2.676111537999987
2022-07-22 13:00:00,2.5621357398333213
2022-07-22 14:00:00,0.5442048981666666
2022-07-22 15:00:00,0.3884155203333331
2022-07-22 16:00:00,0.746320988999997
2022-07-22 17:00:00,0.66122815333333
2022-07-22 18:00:00,0.5341678701666662
2022-07-22 19:00:00,2.428701928499989
2022-07-22 20:00:00,2.093486052333323
2022-07-22 21:00:00,1.8519208709999924
2022-07-22 22:00:00,0.28687660816666655
2022-07-22 23:00:00,0.1324184405
2022-07-23 00:00:00,0.14201262183333335
2022-07-23 01:00:00,0.18855673733333336
2022-07-23 02:00:00,0.22939171133333333
2022-07-23 03:00:00,0.24503254650000003
2022-07-23 04:00:00,0.29046233066666627
2022-07-23 05:00:00,0.6135183909999969
2022-07-23 06:00:00,0.7702455853333297
2022-07-23 07:00:00,0.7673045763333292
2022-07-23 08:00:00,0.36651642983333316
2022-07-23 09:00:00,0.3591658811666667
2022-07-23 10:00:00,0.41583596016666624
2022-07-23 11:00:00,2.043184063166658
2022-07-23 12:00:00,2.4856785184999906
2022-07-23 13:00:00,2.0804407821666593
2022-07-23 14:00:00,0.5014247893333331
2022-07-23 15:00:00,0.37951459016666644
2022-07-23 16:00:00,0.6050276341666627
2022-07-23 17:00:00,0.7357218499999976
2022-07-23 18:00:00,0.39792817299999944
2022-07-23 19:00:00,1.968233568166655
2022-07-23 20:00:00,1.93432836649999
2022-07-23 21:00:00,1.5145649729999935
2022-07-23 22:00:00,0.28075127766666624
2022-07-23 23:00:00,0.13701093150000002
2022-07-24 00:00:00,0.12093347250000003
2022-07-24 01:00:00,0.17926257950000002
2022-07-24 02:00:00,0.22683256366666668
2022-07-24 03:00:00,0.23783424383333335
2022-07-24 04:00:00,0.2626316525000001
2022-07-24 05:00:00,0.595399667833331
2022-07-24 06:00:00,0.7500532483333298
2022-07-24 07:00:00,0.7767317669999967
2022-07-24 08:00:00,0.38393826016666643
2022-07-24 09:00:00,0.37889668933333337
2022-07-24 10:00:00,0.4227100548333326
2022-07-24 11:00:00,2.249926443166659
2022-07-24 12:00:00,2.289648924333322
2022-07-24 13:00:00,2.437738885999989
2022-07-24 14:00:00,0.5155927008333331
2022-07-24 15:00:00,0.3942203201666665
2022-07-24 16:00:00,0.6380113864999972
2022-07-24 17:00:00,0.6743706429999966
2022-07-24 18:00:00,0.42430138566666603
2022-07-24 19:00:00,1.8916625278333261
2022-07-24 20:00:00,2.309663907166657
2022-07-24 21:00:00,1.7646679969999932
2022-07-24 22:00:00,0.30838876916666635
2022-07-24 23:00:00,0.14385260616666667
2022-07-25 00:00:00,0.13633931900000001
2022-07-25 01:00:00,0.19562012966666673
2022-07-25 02:00:00,0.2368725641666667
2022-07-25 03:00:00,0.25506506300000004
2022-07-25 04:00:00,0.2990077234999999
2022-07-25 05:00:00,0.7507120199999968
2022-07-25 06:00:00,0.9673813756666638
2022-07-25 07:00:00,0.833880873999997
2022-07-25 08:00:00,0.4204379784999994
2022-07-25 09:00:00,0.4080925465
2022-07-25 10:00:00,0.47988815983333294
2022-07-25 11:00:00,2.688284548499988
2022-07-25 12:00:00,2.8262920351666545
2022-07-25 13:00:00,2.0822416461666577
2022-07-25 14:00:00,0.5853584009999999
2022-07-25 15:00:00,0.42230056333333305
2022-07-25 16:00:00,0.6896259519999979
2022-07-25 17:00:00,0.7456155743333295
2022-07-25 18:00:00,0.4688090323333327
2022-07-25 19:00:00,2.2239955014999913
2022-07-25 20:00:00,2.436658239833321
2022-07-25 21:00:00,2.0085513011666567
2022-07-25 22:00:00,0.3193869089999997
2022-07-25 23:00:00,0.16390926750000004
2022-07-26 00:00:00,0.13161767750000003
2022-07-26 01:00:00,0.16745848033333335
2022-07-26 02:00:00,0.21661927766666667
2022-07-26 03:00:00,0.23831759049999998
2022-07-26 04:00:00,0.2842585101666667
2022-07-26 05:00:00,0.7528003799999964
2022-07-26 06:00:00,0.8884504818333306
2022-07-26 07:00:00,0.61476182483333
2022-07-26 08:00:00,0.41735158233333286
2022-07-26 09:00:00,0.3960267338333333
2022-07-26 10:00:00,0.4378550451666661
2022-07-26 11:00:00,2.4268690438333245
2022-07-26 12:00:00,2.458805380166657
2022-07-26 13:00:00,2.3267537016666586
2022-07-26 14:00:00,0.528885030333333
2022-07-26 15:00:00,0.4101778488333332
2022-07-26 16:00:00,0.6815381489999964
2022-07-26 17:00:00,0.680485342499997
2022-07-26 18:00:00,0.4496742228333326
2022-07-26 19:00:00,2.080701121666657
2022-07-26 20:00:00,2.0551137519999907
2022-07-26 21:00:00,1.5634991896666615
2022-07-26 22:00:00,0.3114371374999999
2022-07-26 23:00:00,0.13213926550000002
2022-07-27 00:00:00,0.1417384866666667
2022-07-27 01:00:00,0.18517341666666667
2022-07-27 02:00:00,0.21613340166666667
2022-07-27 03:00:00,0.23600838166666668
2022-07-27 04:00:00,0.3022976714999995
2022-07-27 05:00:00,0.6646847988333303
2022-07-27 06:00:00,0.7144659453333307
2022-07-27 07:00:00,0.9012273948333298
2022-07-27 08:00:00,0.39034091299999985
2022-07-27 09:00:00,0.39005338266666667
2022-07-27 10:00:00,0.40594590349999976
2022-07-27 11:00:00,2.4366077584999917
2022-07-27 12:00:00,3.250188952166651
2022-07-27 13:00:00,2.39071604249999
2022-07-27 14:00:00,0.5128753393333328
2022-07-27 15:00:00,0.39983032766666654
2022-07-27 16:00:00,0.6886755699999958
2022-07-27 17:00:00,0.7070341733333294
2022-07-27 18:00:00,0.4777426761666659
2022-07-27 19:00:00,2.158804088499992
2022-07-27 20:00:00,2.177810748333324
2022-07-27 21:00:00,2.2260384491666576
2022-07-27 22:00:00,0.3474548258333332
2022-07-27 23:00:00,0.13732431350000004
2022-07-28 00:00:00,0.14433847566666672
2022-07-28 01:00:00,0.2027242476666667
2022-07-28 02:00:00,0.23214008133333336
2022-07-28 03:00:00,0.24342837666666667
2022-07-28 04:00:00,0.28829533333333307
2022-07-28 05:00:00,0.6591478954999972
2022-07-28 06:00:00,0.6352519648333308
2022-07-28 07:00:00,0.890317592166663
2022-07-28 08:00:00,0.42998059733333294
2022-07-28 09:00:00,0.3999108711666666
2022-07-28 10:00:00,0.4561608224999996
2022-07-28 11:00:00,2.140367167333322
2022-07-28 12:00:00,2.662927481333322
2022-07-28 13:00:00,2.6089149211666522
2022-07-28 14:00:00,0.587546860333333
2022-07-28 15:00:00,0.4072842748333331
2022-07-28 16:00:00,0.6394741726666635
2022-07-28 17:00:00,0.8076845594999978
2022-07-28 18:00:00,0.4321183151666664
2022-07-28 19:00:00,2.2158807509999896
2022-07-28 20:00:00,2.031658909666656
2022-07-28 21:00:00,2.0465601236666577
2022-07-28 22:00:00,0.3316053874999998
2022-07-28 23:00:00,0.13666510983333333
2022-07-29 00:00:00,0.11244848683333336
2022-07-29 01:00:00,0.16285510466666667
2022-07-29 02:00:00,0.20749011850000001
2022-07-29 03:00:00,0.22539257499999998
2022-07-29 04:00:00,0.2452650225000001
2022-07-29 05:00:00,0.6603599906666625
2022-07-29 06:00:00,0.7907574799999968
2022-07-29 07:00:00,0.7941542254999978
2022-07-29 08:00:00,0.3718835746666664
2022-07-29 09:00:00,0.36763172483333334
2022-07-29 10:00:00,0.41259084933333273
2022-07-29 11:00:00,2.2996759953333243
2022-07-29 12:00:00,3.0934634884999856
2022-07-29 13:00:00,2.5022230441666555
2022-07-29 14:00:00,0.4922126281666664
2022-07-29 15:00:00,0.38409623466666654
2022-07-29 16:00:00,0.7346865449999975
2022-07-29 17:00:00,0.6685237631666642
2022-07-29 18:00:00,0.39694377583333307
2022-07-29 19:00:00,2.3753123139999874
2022-07-29 20:00:00,2.312798094166657
2022-07-29 21:00:00,2.016345370499992
2022-07-29 22:00:00,0.27562263833333295
2022-07-29 23:00:00,0.11953594083333335
2022-07-30 00:00:00,0.11554263066666669
2022-07-30 01:00:00,0.16146172450000001
2022-07-30 02:00:00,0.2076867511666667
2022-07-30 03:00:00,0.22610838616666667
2022-07-30 04:00:00,0.26194709483333345
2022-07-30 05:00:00,0.649144748999997
2022-07-30 06:00:00,0.7752935356666637
2022-07-30 07:00:00,0.7415206738333308
2022-07-30 08:00:00,0.39252379449999963
2022-07-30 09:00:00,0.3681341933333333
2022-07-30 10:00:00,0.39753778216666624
2022-07-30 11:00:00,1.9953159063333261
2022-07-30 12:00:00,3.1864267638333206
2022-07-30 13:00:00,2.0174536653333255
2022-07-30 14:00:00,0.48100447066666624
2022-07-30 15:00:00,0.367793906
2022-07-30 16:00:00,0.5486579024999967
2022-07-30 17:00:00,0.6882612706666635
2022-07-30 18:00:00,0.4668003756666662
2022-07-30 19:00:00,2.113612562166658
2022-07-30 20:00:00,2.4560769853333215
2022-07-30 21:00:00,1.8384558024999929
2022-07-30 22:00:00,0.24885576216666638
2022-07-30 23:00:00,0.11568839933333334
2022-07-31 00:00:00,0.1122993371666667
2022-07-31 01:00:00,0.18752509583333332
2022-07-31 02:00:00,0.213305087
2022-07-31 03:00:00,0.23651421983333332
2022-07-31 04:00:00,0.2638749193333334
2022-07-31 05:00:00,0.6188189649999968
2022-07-31 06:00:00,0.6627518576666626
2022-07-31 07:00:00,0.7070740216666637
2022-07-31 08:00:00,0.408185688333333
2022-07-31 09:00:00,0.372712555
2022-07-31 10:00:00,0.4080981706666662
2022-07-31 11:00:00,2.2630953924999906
2022-07-31 12:00:00,3.018771897999987
2022-07-31 13:00:00,2.0714247734999915
2022-07-31 14:00:00,0.4968282639999996
2022-07-31 15:00:00,0.3871446493333332
2022-07-31 16:00:00,0.61985507083333
2022-07-31 17:00:00,0.7170793549999965
2022-07-31 18:00:00,0.48438563733333273
2022-07-31 19:00:00,2.1520441248333237
2022-07-31 20:00:00,1.899597311666659
2022-07-31 21:00:00,2.005563449999991
2022-07-31 22:00:00,0.27885355233333287
2022-07-31 23:00:00,0.12128096150000003
2022-08-01 00:00:00,0.13049596900000002
2022-08-01 01:00:00,0.186355928
2022-08-01 02:00:00,0.21733672400000004
2022-08-01 03:00:00,0.22699173283333338
2022-08-01 04:00:00,0.25542237533333345
2022-08-01 05:00:00,0.6580584821666641
2022-08-01 06:00:00,0.7286990024999964
2022-08-01 07:00:00,0.698537448999997
2022-08-01 08:00:00,0.36219201916666666
2022-08-01 09:00:00,0.37165667933333335
2022-08-01 10:00:00,0.4117050091666664
2022-08-01 11:00:00,2.1257708996666573
2022-08-01 12:00:00,2.3645572421666543
2022-08-01 13:00:00,1.703281735833326
2022-08-01 14:00:00,0.5574813848333334
2022-08-01 15:00:00,0.3846306558333333
2022-08-01 16:00:00,0.6552296546666639
2022-08-01 17:00:00,0.684544893666663
2022-08-01 18:00:00,0.4081132309999995
2022-08-01 19:00:00,1.8792269429999942
2022-08-01 20:00:00,2.4869125809999892
2022-08-01 21:00:00,1.799877883833327
2022-08-01 22:00:00,0.26433239916666634
2022-08-01 23:00:00,0.13597343216666666
2022-08-02 00:00:00,0.1348501101666667
2022-08-02 01:00:00,0.18626510933333335
2022-08-02 02:00:00,0.21280340683333332
2022-08-02 03:00:00,0.2304600705
2022-08-02 04:00:00,0.26977400233333315
2022-08-02 05:00:00,0.6935227863333298
2022-08-02 06:00:00,0.6943178178333302
2022-08-02 07:00:00,0.7734143433333305
2022-08-02 08:00:00,0.387847546833333
2022-08-02 09:00:00,0.38318420333333336
2022-08-02 10:00:00,0.4407048503333331
2022-08-02 11:00:00,2.4729601303333233
2022-08-02 12:00:00,2.6472618254999882
2022-08-02 13:00:00,2.276725422666656
2022-08-02 14:00:00,0.5761158763333334
2022-08-02 15:00:00,0.3952763919999996
2022-08-02 16:00:00,0.6010570081666639
2022-08-02 17:00:00,0.6636809356666625
2022-08-02 18:00:00,0.4208389991666662
2022-08-02 19:00:00,1.8131537899999932
2022-08-02 20:00:00,2.226417486833322
2022-08-02 21:00:00,1.5659646268333272
2022-08-02 22:00:00,0.26517439083333305
2022-08-02 23:00:00,0.12068173566666668
2022-08-03 00:00:00,0.11488181616666669
2022-08-03 01:00:00,0.17108923483333333
2022-08-03 02:00:00,0.22696927383333335
2022-08-03 03:00:00,0.24038923883333332
2022-08-03 04:00:00,0.28147328816666667
2022-08-03 05:00:00,0.5544027899999977
2022-08-03 06:00:00,0.7988177544999968
2022-08-03 07:00:00,0.8432069266666632
2022-08-03 08:00:00,0.380003873333333
2022-08-03 09:00:00,0.38049336066666667
2022-08-03 10:00:00,0.42511430583333276
2022-08-03 11:00:00,2.1076500843333226
2022-08-03 12:00:00,2.9533542758333207
2022-08-03 13:00:00,1.974776346166658
2022-08-03 14:00:00,0.5418984848333329
2022-08-03 15:00:00,0.39680737099999974
2022-08-03 16:00:00,0.5822314584999966
2022-08-03 17:00:00,0.7600715948333301
2022-08-03 18:00:00,0.4605444319999994
2022-08-03 19:00:00,1.983919155333325
2022-08-03 20:00:00,2.1098630368333255
2022-08-03 21:00:00,2.1033588499999913
2022-08-03 22:00:00,0.3087899749999996
2022-08-03 23:00:00,0.114985109
2022-08-04 00:00:00,0.13789928766666668
2022-08-04 01:00:00,0.1840100846666667
2022-08-04 02:00:00,0.2251642461666667
2022-08-04 03:00:00,0.23778173283333337
2022-08-04 04:00:00,0.31907244783333305
2022-08-04 05:00:00,0.5983761891666637
2022-08-04 06:00:00,0.706619178999997
2022-08-04 07:00:00,0.7673002346666633
2022-08-04 08:00:00,0.40592719249999953
2022-08-04 09:00:00,0.3799608686666667
2022-08-04 10:00:00,0.4272379443333329
2022-08-04 11:00:00,2.1632558369999915
2022-08-04 12:00:00,2.645869768666654
2022-08-04 13:00:00,2.058091103333324
2022-08-04 14:00:00,0.5235938323333329
2022-08-04 15:00:00,0.39343838466666653
2022-08-04 16:00:00,0.6972816611666643
2022-08-04 17:00:00,0.7772844628333296
2022-08-04 18:00:00,0.4365955498333327
2022-08-04 19:00:00,1.974575964166659
2022-08-04 20:00:00,2.25855092549999
2022-08-04 21:00:00,2.094570205499991
2022-08-04 22:00:00,0.35443683833333306
2022-08-04 23:00:00,0.12246509216666668
2022-08-05 00:00:00,0.13863182783333336
2022-08-05 01:00:00,0.19372343333333336
2022-08-05 02:00:00,0.2215259106666667
2022-08-05 03:00:00,0.23842425133333336
2022-08-05 04:00:00,0.282307062
2022-08-05 05:00:00,0.69537520633333
2022-08-05 06:00:00,0.8236906931666632
2022-08-05 07:00:00,0.7800674654999967
2022-08-05 08:00:00,0.40612989533333316
2022-08-05 09:00:00,0.38715836966666667
2022-08-05 10:00:00,0.45567327999999946
2022-08-05 11:00:00,2.1855987069999907
2022-08-05 12:00:00,2.9383211643333187
2022-08-05 13:00:00,2.2070288876666573
2022-08-05 14:00:00,0.4774729766666662
2022-08-05 15:00:00,0.4035789646666666
2022-08-05 16:00:00,0.7694972964999968
2022-08-05 17:00:00,0.6819291529999961
2022-08-05 18:00:00,0.4678667148333327
2022-08-05 19:00:00,1.7153293181666605
2022-08-05 20:00:00,2.1565889531666573
2022-08-05 21:00:00,1.7490429294999925
2022-08-05 22:00:00,0.284512031333333
2022-08-05 23:00:00,0.13507762883333332
2022-08-06 00:00:00,0.1259968465
2022-08-06 01:00:00,0.1746201086666667
2022-08-06 02:00:00,0.22076259133333334
2022-08-06 03:00:00,0.23010258250000004
2022-08-06 04:00:00,0.2822705924999999
2022-08-06 05:00:00,0.8175905143333297
2022-08-06 06:00:00,0.8748893429999961
2022-08-06 07:00:00,0.7751584299999958
2022-08-06 08:00:00,0.39823149616666637
2022-08-06 09:00:00,0.38462585366666663
2022-08-06 10:00:00,0.4244624154999994
2022-08-06 11:00:00,1.873155548666658
2022-08-06 12:00:00,2.2676000871666577
2022-08-06 13:00:00,1.8817003974999937
2022-08-06 14:00:00,0.5160233294999998
2022-08-06 15:00:00,0.401077951333333
2022-08-06 16:00:00,0.6838732868333303
2022-08-06 17:00:00,0.7963771764999968
2022-08-06 18:00:00,0.4270758683333327
2022-08-06 19:00:00,2.1519834753333233
2022-08-06 20:00:00,2.394242473499991
2022-08-06 21:00:00,1.9012185768333258
2022-08-06 22:00:00,0.30246031433333315
2022-08-06 23:00:00,0.11521595600000002
2022-08-07 00:00:00,0.11725678566666668
2022-08-07 01:00:00,0.16526842433333333
2022-08-07 02:00:00,0.2176092371666667
2022-08-07 03:00:00,0.2257075605
2022-08-07 04:00:00,0.27337317599999983
2022-08-07 05:00:00,0.6427181234999979
2022-08-07 06:00:00,0.7056377618333306
2022-08-07 07:00:00,0.6505921051666633
2022-08-07 08:00:00,0.38014716149999983
2022-08-07 09:00:00,0.38383837066666665
2022-08-07 10:00:00,0.4281547951666663
2022-08-07 11:00:00,2.3842153034999884
2022-08-07 12:00:00,2.814506841999987
2022-08-07 13:00:00,2.516960647999987
2022-08-07 14:00:00,0.6060109258333333
2022-08-07 15:00:00,0.3897192238333332
2022-08-07 16:00:00,0.5675838483333311
2022-08-07 17:00:00,0.6983629694999964
2022-08-07 18:00:00,0.4243976493333326
2022-08-07 19:00:00,1.8660633508333255
2022-08-07 20:00:00,2.2489878749999908
2022-08-07 21:00:00,1.658254176999994
2022-08-07 22:00:00,0.2696927689999996
2022-08-07 23:00:00,0.12701091033333337
2022-08-08 00:00:00,0.14120931850000001
2022-08-08 01:00:00,0.17871095183333335
2022-08-08 02:00:00,0.23791344616666668
2022-08-08 03:00:00,0.246985047
2022-08-08 04:00:00,0.2799633956666666
2022-08-08 05:00:00,0.6881314426666648
2022-08-08 06:00:00,0.9086869668333303
2022-08-08 07:00:00,0.8419537651666643
2022-08-08 08:00:00,0.41045206349999963
2022-08-08 09:00:00,0.4063967138333333
2022-08-08 10:00:00,0.40012832199999987
2022-08-08 11:00:00,2.3987048129999895
2022-08-08 12:00:00,2.979067797499988
2022-08-08 13:00:00,2.396878508666656
2022-08-08 14:00:00,0.5787077016666663
2022-08-08 15:00:00,0.4227974964999997
2022-08-08 16:00:00,0.633258303999996
2022-08-08 17:00:00,0.7283858026666629
2022-08-08 18:00:00,0.4448256858333325
2022-08-08 19:00:00,1.9692970856666578
2022-08-08 20:00:00,2.5094789239999895
2022-08-08 21:00:00,1.9301485876666586
2022-08-08 22:00:00,0.27852530533333303
2022-08-08 23:00:00,0.13159260616666668
2022-08-09 00:00:00,0.11110259933333334
2022-08-09 01:00:00,0.16285089866666666
2022-08-09 02:00:00,0.2276467156666667
2022-08-09 03:00:00,0.23016670933333336
2022-08-09 04:00:00,0.2554238160000001
2022-08-09 05:00:00,0.7323622328333309
2022-08-09 06:00:00,0.725876711166664
2022-08-09 07:00:00,0.6814852353333297
2022-08-09 08:00:00,0.3851087758333331
2022-08-09 09:00:00,0.3688767158333333
2022-08-09 10:00:00,0.43389165933333296
2022-08-09 11:00:00,2.0805508889999924
2022-08-09 12:00:00,2.4426189916666563
2022-08-09 13:00:00,2.196823648333324
2022-08-09 14:00:00,0.4964465191666665
2022-08-09 15:00:00,0.38313589666666653
2022-08-09 16:00:00,0.5899538963333303
2022-08-09 17:00:00,0.6872507778333303
2022-08-09 18:00:00,0.4337133911666661
2022-08-09 19:00:00,1.6499580531666609
2022-08-09 20:00:00,2.3271852403333226
2022-08-09 21:00:00,1.8256843539999936
2022-08-09 22:00:00,0.28587377599999986
2022-08-09 23:00:00,0.1390626211666667
2022-08-10 00:00:00,0.12395015383333335
2022-08-10 01:00:00,0.179953413
2022-08-10 02:00:00,0.2259034121666667
2022-08-10 03:00:00,0.239880072
2022-08-10 04:00:00,0.28469874133333345
2022-08-10 05:00:00,0.71774441833333
2022-08-10 06:00:00,0.7912041814999963
2022-08-10 07:00:00,0.8752335196666624
2022-08-10 08:00:00,0.3978106844999997
2022-08-10 09:00:00,0.37427337166666674
2022-08-10 10:00:00,0.42834309883333277
2022-08-10 11:00:00,2.2455143729999887
2022-08-10 12:00:00,2.8414794344999867
2022-08-10 13:00:00,2.5214441931666545
2022-08-10 14:00:00,0.5162401534999997
2022-08-10 15:00:00,0.4047971093333332
2022-08-10 16:00:00,0.690845570166663
2022-08-10 17:00:00,0.6756685308333291
2022-08-10 18:00:00,0.5056412118333325
2022-08-10 19:00:00,2.0655049719999896
2022-08-10 20:00:00,2.2264721263333227
2022-08-10 21:00:00,1.7682268059999928
2022-08-10 22:00:00,0.2806778171666664
2022-08-10 23:00:00,0.1253834315
2022-08-11 00:00:00,0.11909027100000004
2022-08-11 01:00:00,0.18725761950000003
2022-08-11 02:00:00,0.22352927516666668
2022-08-11 03:00:00,0.24461176283333333
2022-08-11 04:00:00,0.2957433939999998
2022-08-11 05:00:00,0.9251717531666624
2022-08-11 06:00:00,0.9365412328333296
2022-08-11 07:00:00,0.8686353836666627
2022-08-11 08:00:00,0.4272525056666662
2022-08-11 09:00:00,0.3972392808333333
2022-08-11 10:00:00,0.4758430133333329
2022-08-11 11:00:00,2.538605320333322
2022-08-11 12:00:00,2.979345190166653
2022-08-11 13:00:00,2.4025010951666568
2022-08-11 14:00:00,0.5352205403333332
2022-08-11 15:00:00,0.4114237646666664
2022-08-11 16:00:00,0.66759145733333
2022-08-11 17:00:00,0.8172142921666639
2022-08-11 18:00:00,0.4436897153333327
2022-08-11 19:00:00,2.312085562333325
2022-08-11 20:00:00,2.3024992784999894
2022-08-11 21:00:00,1.706649932166659
2022-08-11 22:00:00,0.23364712599999987
2022-08-11 23:00:00,0.13118851716666668
2022-08-12 00:00:00,0.10676108216666672
2022-08-12 01:00:00,0.1686126151666667
2022-08-12 02:00:00,0.23460424633333335
2022-08-12 03:00:00,0.236392555
2022-08-12 04:00:00,0.27777260966666684
2022-08-12 05:00:00,0.6768978404999965
2022-08-12 06:00:00,0.8483002569999956
2022-08-12 07:00:00,0.7610275948333295
2022-08-12 08:00:00,0.39942384483333315
2022-08-12 09:00:00,0.3811167083333333
2022-08-12 10:00:00,0.4403639144999994
2022-08-12 11:00:00,2.0293963261666583
2022-08-12 12:00:00,3.0410727711666503
2022-08-12 13:00:00,1.975205886333325
2022-08-12 14:00:00,0.4564609861666659
2022-08-12 15:00:00,0.41423440066666634
2022-08-12 16:00:00,0.7932919311666639
2022-08-12 17:00:00,0.6749565724999967
2022-08-12 18:00:00,0.46615559383333277
2022-08-12 19:00:00,1.8658032833333245
2022-08-12 20:00:00,2.057370955499989
2022-08-12 21:00:00,1.80538729199999
2022-08-12 22:00:00,0.28487543516666625
2022-08-12 23:00:00,0.13954681866666668
2022-08-13 00:00:00,0.09919926566666668
2022-08-13 01:00:00,0.140324226
2022-08-13 02:00:00,0.20141257883333336
2022-08-13 03:00:00,0.2274100455
2022-08-13 04:00:00,0.2582695253333334
2022-08-13 05:00:00,0.6509019444999969
2022-08-13 06:00:00,0.7886952793333301
2022-08-13 07:00:00,0.752341645333331
2022-08-13 08:00:00,0.3602328939999999
2022-08-13 09:00:00,0.3580183611666667
2022-08-13 10:00:00,0.4474336223333326
2022-08-13 11:00:00,1.8485358029999923
2022-08-13 12:00:00,2.5868531966666546
2022-08-13 13:00:00,1.912624438999994
2022-08-13 14:00:00,0.4354427324999996
2022-08-13 15:00:00,0.3705668486666666
2022-08-13 16:00:00,0.6932055499999972
2022-08-13 17:00:00,0.7480951528333296
2022-08-13 18:00:00,0.4354925989999995
2022-08-13 19:00:00,1.972259505499992
2022-08-13 20:00:00,2.216619639499993
2022-08-13 21:00:00,1.7883964086666597
2022-08-13 22:00:00,0.2596938801666664
2022-08-13 23:00:00,0.13332013200000004
2022-08-14 00:00:00,0.14405343933333337
2022-08-14 01:00:00,0.188162572
2022-08-14 02:00:00,0.22868423016666667
2022-08-14 03:00:00,0.24408088366666666
2022-08-14 04:00:00,0.2688073993333334
2022-08-14 05:00:00,0.6803171513333305
2022-08-14 06:00:00,0.8299920943333297
2022-08-14 07:00:00,0.8639648401666634
2022-08-14 08:00:00,0.38202336733333303
2022-08-14 09:00:00,0.35774420833333337
2022-08-14 10:00:00,0.4255529244999996
2022-08-14 11:00:00,2.166257380833324
2022-08-14 12:00:00,2.858104557166654
2022-08-14 13:00:00,2.4435410536666557
2022-08-14 14:00:00,0.5002506584999998
2022-08-14 15:00:00,0.39624904533333316
2022-08-14 16:00:00,0.6237762816666632
2022-08-14 17:00:00,0.68528278833333
2022-08-14 18:00:00,0.43355676816666616
2022-08-14 19:00:00,1.9072768606666584
2022-08-14 20:00:00,2.1146017106666575
2022-08-14 21:00:00,1.74275980216666
2022-08-14 22:00:00,0.30074483333333285
2022-08-14 23:00:00,0.12693592050000002
2022-08-15 00:00:00,0.12241929983333336
2022-08-15 01:00:00,0.19139676783333334
2022-08-15 02:00:00,0.23392004516666667
2022-08-15 03:00:00,0.24761590616666668
2022-08-15 04:00:00,0.272168689
2022-08-15 05:00:00,0.6728300779999977
2022-08-15 06:00:00,0.7969586454999975
2022-08-15 07:00:00,0.8231608068333301
2022-08-15 08:00:00,0.3880456901666664
2022-08-15 09:00:00,0.36728590516666665
2022-08-15 10:00:00,0.4198481063333329
2022-08-15 11:00:00,2.4363747233333237
2022-08-15 12:00:00,3.092144437999987
2022-08-15 13:00:00,2.2861815959999903
2022-08-15 14:00:00,0.5282990093333327
2022-08-15 15:00:00,0.39823814916666644
2022-08-15 16:00:00,0.6617355616666631
2022-08-15 17:00:00,0.7656781444999976
2022-08-15 18:00:00,0.4429973994999995
2022-08-15 19:00:00,2.0803926328333238
2022-08-15 20:00:00,2.4009598428333216
2022-08-15 21:00:00,1.6653115196666597
2022-08-15 22:00:00,0.30043571066666624
2022-08-15 23:00:00,0.14015513250000003
